"Anomia67","Powles67","Anomia71","Powles71","Educ","SEI"
11.839,6.947,6.819,4.783,-3.834,-21.899
6.947,9.364,5.091,5.028,-3.889,-18.831
6.819,5.091,12.532,7.495,-3.841,-21.748
4.783,5.028,7.495,9.986,-3.625,-18.775
-3.834,-3.889,-3.841,-3.625,9.6,35.522
-21.899,-18.831,-21.748,-18.775,35.522,450.283
